1 2 24
1 3 42
1 4 49
1 5 45
1 6 19
2 1 24
2 3 11
2 4 14
2 5 13
2 6 8
3 1 42
3 2 11
3 4 13
3 5 50
3 6 38
4 1 49
4 2 14
4 3 13
4 5 17
4 6 6
5 1 45
5 2 13
5 3 50
5 4 17
5 6 19
6 1 19
6 2 8
6 3 38
6 4 6
6 5 19