1 2 17
1 3 41
1 4 21
1 5 33
1 6 5
2 1 17
2 3 36
2 4 47
2 5 31
2 6 32
3 1 41
3 2 36
3 4 19
3 5 40
3 6 26
4 1 21
4 2 47
4 3 19
4 5 41
4 6 28
5 1 33
5 2 31
5 3 40
5 4 41
5 6 13
6 1 5
6 2 32
6 3 26
6 4 28
6 5 13