0 13 16 15 13 14 15 8 13 16
13 0 7 7 17 9 12 10 14 12
16 7 0 11 7 16 17 19 11 11
15 7 11 0 5 18 8 5 13 17
13 17 7 5 0 17 15 8 6 15
14 9 16 18 17 0 15 6 9 11
15 12 17 8 15 15 0 12 10 15
8 10 19 5 8 6 12 0 20 10
13 14 11 13 6 9 10 20 0 17
16 12 11 17 15 11 15 10 17 0