0 20 12 19 19 9 9 11 20 20 7 19
20 0 18 20 10 5 11 15 14 7 19 20
12 18 0 20 14 16 16 17 17 9 12 10
19 20 20 0 18 9 5 19 13 12 20 7
19 10 14 18 0 8 11 9 10 14 9 10
9 5 16 9 8 0 7 15 7 12 14 7
9 11 16 5 11 7 0 13 9 18 13 8
11 15 17 19 9 15 13 0 6 16 15 12
20 14 17 13 10 7 9 6 0 5 11 8
20 7 9 12 14 12 18 16 5 0 15 6
7 19 12 20 9 14 13 15 11 15 0 7
19 20 10 7 10 7 8 12 8 6 7 0