0 19 17 6 16 18 13 15 16 11
19 0 10 18 15 11 16 18 15 7
17 10 0 8 6 6 13 14 6 7
6 18 8 0 8 14 19 6 16 8
16 15 6 8 0 13 10 16 9 12
18 11 6 14 13 0 16 18 10 18
13 16 13 19 10 16 0 9 8 19
15 18 14 6 16 18 9 0 19 16
16 15 6 16 9 10 8 19 0 9
11 7 7 8 12 18 19 16 9 0