0 15 15 12 5 15 15 16
15 0 10 18 17 16 18 19
15 10 0 11 18 12 5 17
12 18 11 0 12 6 5 20
5 17 18 12 0 14 14 16
15 16 12 6 14 0 10 12
15 18 5 5 14 10 0 8
16 19 17 20 16 12 8 0